0	1	1	1	
0	8	2	2	
0	9	3	3	
0	72	4	4	
0	81	5	5	
0	648	6	6	
1	0	1	2	
1	2	2	1	
1	10	3	3	
1	73	4	4	
1	82	5	5	
1	649	6	6	
2	1	1	2	
2	3	2	1	
2	11	3	3	
2	74	4	4	
2	83	5	5	
2	650	6	6	
3	2	1	2	
3	4	2	1	
3	12	3	3	
3	75	4	4	
3	84	5	5	
3	651	6	6	
4	3	1	2	
4	5	2	1	
4	13	3	3	
4	76	4	4	
4	85	5	5	
4	652	6	6	
5	4	1	2	
5	6	2	1	
5	14	3	3	
5	77	4	4	
5	86	5	5	
5	653	6	6	
6	5	1	2	
6	7	2	1	
6	15	3	3	
6	78	4	4	
6	87	5	5	
6	654	6	6	
7	6	1	2	
7	8	2	1	
7	16	3	3	
7	79	4	4	
7	88	5	5	
7	655	6	6	
8	0	1	1	
8	7	2	2	
8	17	3	3	
8	80	4	4	
8	89	5	5	
8	656	6	6	
9	0	1	4	
9	10	2	1	
9	17	3	2	
9	18	4	3	
9	90	5	5	
9	657	6	6	
10	1	1	4	
10	9	2	2	
10	11	3	1	
10	19	4	3	
10	91	5	5	
10	658	6	6	
11	2	1	4	
11	10	2	2	
11	12	3	1	
11	20	4	3	
11	92	5	5	
11	659	6	6	
12	3	1	4	
12	11	2	2	
12	13	3	1	
12	21	4	3	
12	93	5	5	
12	660	6	6	
13	4	1	4	
13	12	2	2	
13	14	3	1	
13	22	4	3	
13	94	5	5	
13	661	6	6	
14	5	1	4	
14	13	2	2	
14	15	3	1	
14	23	4	3	
14	95	5	5	
14	662	6	6	
15	6	1	4	
15	14	2	2	
15	16	3	1	
15	24	4	3	
15	96	5	5	
15	663	6	6	
16	7	1	4	
16	15	2	2	
16	17	3	1	
16	25	4	3	
16	97	5	5	
16	664	6	6	
17	8	1	4	
17	9	2	1	
17	16	3	2	
17	26	4	3	
17	98	5	5	
17	665	6	6	
18	9	1	4	
18	19	2	1	
18	26	3	2	
18	27	4	3	
18	99	5	5	
18	666	6	6	
19	10	1	4	
19	18	2	2	
19	20	3	1	
19	28	4	3	
19	100	5	5	
19	667	6	6	
20	11	1	4	
20	19	2	2	
20	21	3	1	
20	29	4	3	
20	101	5	5	
20	668	6	6	
21	12	1	4	
21	20	2	2	
21	22	3	1	
21	30	4	3	
21	102	5	5	
21	669	6	6	
22	13	1	4	
22	21	2	2	
22	23	3	1	
22	31	4	3	
22	103	5	5	
22	670	6	6	
23	14	1	4	
23	22	2	2	
23	24	3	1	
23	32	4	3	
23	104	5	5	
23	671	6	6	
24	15	1	4	
24	23	2	2	
24	25	3	1	
24	33	4	3	
24	105	5	5	
24	672	6	6	
25	16	1	4	
25	24	2	2	
25	26	3	1	
25	34	4	3	
25	106	5	5	
25	673	6	6	
26	17	1	4	
26	18	2	1	
26	25	3	2	
26	35	4	3	
26	107	5	5	
26	674	6	6	
27	18	1	4	
27	28	2	1	
27	35	3	2	
27	36	4	3	
27	108	5	5	
27	675	6	6	
28	19	1	4	
28	27	2	2	
28	29	3	1	
28	37	4	3	
28	109	5	5	
28	676	6	6	
29	20	1	4	
29	28	2	2	
29	30	3	1	
29	38	4	3	
29	110	5	5	
29	677	6	6	
30	21	1	4	
30	29	2	2	
30	31	3	1	
30	39	4	3	
30	111	5	5	
30	678	6	6	
31	22	1	4	
31	30	2	2	
31	32	3	1	
31	40	4	3	
31	112	5	5	
31	679	6	6	
32	23	1	4	
32	31	2	2	
32	33	3	1	
32	41	4	3	
32	113	5	5	
32	680	6	6	
33	24	1	4	
33	32	2	2	
33	34	3	1	
33	42	4	3	
33	114	5	5	
33	681	6	6	
34	25	1	4	
34	33	2	2	
34	35	3	1	
34	43	4	3	
34	115	5	5	
34	682	6	6	
35	26	1	4	
35	27	2	1	
35	34	3	2	
35	44	4	3	
35	116	5	5	
35	683	6	6	
36	27	1	4	
36	37	2	1	
36	44	3	2	
36	45	4	3	
36	117	5	5	
36	684	6	6	
37	28	1	4	
37	36	2	2	
37	38	3	1	
37	46	4	3	
37	118	5	5	
37	685	6	6	
38	29	1	4	
38	37	2	2	
38	39	3	1	
38	47	4	3	
38	119	5	5	
38	686	6	6	
39	30	1	4	
39	38	2	2	
39	40	3	1	
39	48	4	3	
39	120	5	5	
39	687	6	6	
40	31	1	4	
40	39	2	2	
40	41	3	1	
40	49	4	3	
40	121	5	5	
40	688	6	6	
41	32	1	4	
41	40	2	2	
41	42	3	1	
41	50	4	3	
41	122	5	5	
41	689	6	6	
42	33	1	4	
42	41	2	2	
42	43	3	1	
42	51	4	3	
42	123	5	5	
42	690	6	6	
43	34	1	4	
43	42	2	2	
43	44	3	1	
43	52	4	3	
43	124	5	5	
43	691	6	6	
44	35	1	4	
44	36	2	1	
44	43	3	2	
44	53	4	3	
44	125	5	5	
44	692	6	6	
45	36	1	4	
45	46	2	1	
45	53	3	2	
45	54	4	3	
45	126	5	5	
45	693	6	6	
46	37	1	4	
46	45	2	2	
46	47	3	1	
46	55	4	3	
46	127	5	5	
46	694	6	6	
47	38	1	4	
47	46	2	2	
47	48	3	1	
47	56	4	3	
47	128	5	5	
47	695	6	6	
48	39	1	4	
48	47	2	2	
48	49	3	1	
48	57	4	3	
48	129	5	5	
48	696	6	6	
49	40	1	4	
49	48	2	2	
49	50	3	1	
49	58	4	3	
49	130	5	5	
49	697	6	6	
50	41	1	4	
50	49	2	2	
50	51	3	1	
50	59	4	3	
50	131	5	5	
50	698	6	6	
51	42	1	4	
51	50	2	2	
51	52	3	1	
51	60	4	3	
51	132	5	5	
51	699	6	6	
52	43	1	4	
52	51	2	2	
52	53	3	1	
52	61	4	3	
52	133	5	5	
52	700	6	6	
53	44	1	4	
53	45	2	1	
53	52	3	2	
53	62	4	3	
53	134	5	5	
53	701	6	6	
54	45	1	4	
54	55	2	1	
54	62	3	2	
54	63	4	3	
54	135	5	5	
54	702	6	6	
55	46	1	4	
55	54	2	2	
55	56	3	1	
55	64	4	3	
55	136	5	5	
55	703	6	6	
56	47	1	4	
56	55	2	2	
56	57	3	1	
56	65	4	3	
56	137	5	5	
56	704	6	6	
57	48	1	4	
57	56	2	2	
57	58	3	1	
57	66	4	3	
57	138	5	5	
57	705	6	6	
58	49	1	4	
58	57	2	2	
58	59	3	1	
58	67	4	3	
58	139	5	5	
58	706	6	6	
59	50	1	4	
59	58	2	2	
59	60	3	1	
59	68	4	3	
59	140	5	5	
59	707	6	6	
60	51	1	4	
60	59	2	2	
60	61	3	1	
60	69	4	3	
60	141	5	5	
60	708	6	6	
61	52	1	4	
61	60	2	2	
61	62	3	1	
61	70	4	3	
61	142	5	5	
61	709	6	6	
62	53	1	4	
62	54	2	1	
62	61	3	2	
62	71	4	3	
62	143	5	5	
62	710	6	6	
63	54	1	4	
63	64	2	1	
63	71	3	2	
63	72	4	3	
63	144	5	5	
63	711	6	6	
64	55	1	4	
64	63	2	2	
64	65	3	1	
64	73	4	3	
64	145	5	5	
64	712	6	6	
65	56	1	4	
65	64	2	2	
65	66	3	1	
65	74	4	3	
65	146	5	5	
65	713	6	6	
66	57	1	4	
66	65	2	2	
66	67	3	1	
66	75	4	3	
66	147	5	5	
66	714	6	6	
67	58	1	4	
67	66	2	2	
67	68	3	1	
67	76	4	3	
67	148	5	5	
67	715	6	6	
68	59	1	4	
68	67	2	2	
68	69	3	1	
68	77	4	3	
68	149	5	5	
68	716	6	6	
69	60	1	4	
69	68	2	2	
69	70	3	1	
69	78	4	3	
69	150	5	5	
69	717	6	6	
70	61	1	4	
70	69	2	2	
70	71	3	1	
70	79	4	3	
70	151	5	5	
70	718	6	6	
71	62	1	4	
71	63	2	1	
71	70	3	2	
71	80	4	3	
71	152	5	5	
71	719	6	6	
72	0	1	3	
72	63	2	4	
72	73	3	1	
72	80	4	2	
72	153	5	5	
72	720	6	6	
73	1	1	3	
73	64	2	4	
73	72	3	2	
73	74	4	1	
73	154	5	5	
73	721	6	6	
74	2	1	3	
74	65	2	4	
74	73	3	2	
74	75	4	1	
74	155	5	5	
74	722	6	6	
75	3	1	3	
75	66	2	4	
75	74	3	2	
75	76	4	1	
75	156	5	5	
75	723	6	6	
76	4	1	3	
76	67	2	4	
76	75	3	2	
76	77	4	1	
76	157	5	5	
76	724	6	6	
77	5	1	3	
77	68	2	4	
77	76	3	2	
77	78	4	1	
77	158	5	5	
77	725	6	6	
78	6	1	3	
78	69	2	4	
78	77	3	2	
78	79	4	1	
78	159	5	5	
78	726	6	6	
79	7	1	3	
79	70	2	4	
79	78	3	2	
79	80	4	1	
79	160	5	5	
79	727	6	6	
80	8	1	3	
80	71	2	4	
80	72	3	1	
80	79	4	2	
80	161	5	5	
80	728	6	6	
81	0	1	6	
81	82	2	1	
81	89	3	2	
81	90	4	3	
81	153	5	4	
81	162	6	5	
82	1	1	6	
82	81	2	2	
82	83	3	1	
82	91	4	3	
82	154	5	4	
82	163	6	5	
83	2	1	6	
83	82	2	2	
83	84	3	1	
83	92	4	3	
83	155	5	4	
83	164	6	5	
84	3	1	6	
84	83	2	2	
84	85	3	1	
84	93	4	3	
84	156	5	4	
84	165	6	5	
85	4	1	6	
85	84	2	2	
85	86	3	1	
85	94	4	3	
85	157	5	4	
85	166	6	5	
86	5	1	6	
86	85	2	2	
86	87	3	1	
86	95	4	3	
86	158	5	4	
86	167	6	5	
87	6	1	6	
87	86	2	2	
87	88	3	1	
87	96	4	3	
87	159	5	4	
87	168	6	5	
88	7	1	6	
88	87	2	2	
88	89	3	1	
88	97	4	3	
88	160	5	4	
88	169	6	5	
89	8	1	6	
89	81	2	1	
89	88	3	2	
89	98	4	3	
89	161	5	4	
89	170	6	5	
90	9	1	6	
90	81	2	4	
90	91	3	1	
90	98	4	2	
90	99	5	3	
90	171	6	5	
91	10	1	6	
91	82	2	4	
91	90	3	2	
91	92	4	1	
91	100	5	3	
91	172	6	5	
92	11	1	6	
92	83	2	4	
92	91	3	2	
92	93	4	1	
92	101	5	3	
92	173	6	5	
93	12	1	6	
93	84	2	4	
93	92	3	2	
93	94	4	1	
93	102	5	3	
93	174	6	5	
94	13	1	6	
94	85	2	4	
94	93	3	2	
94	95	4	1	
94	103	5	3	
94	175	6	5	
95	14	1	6	
95	86	2	4	
95	94	3	2	
95	96	4	1	
95	104	5	3	
95	176	6	5	
96	15	1	6	
96	87	2	4	
96	95	3	2	
96	97	4	1	
96	105	5	3	
96	177	6	5	
97	16	1	6	
97	88	2	4	
97	96	3	2	
97	98	4	1	
97	106	5	3	
97	178	6	5	
98	17	1	6	
98	89	2	4	
98	90	3	1	
98	97	4	2	
98	107	5	3	
98	179	6	5	
99	18	1	6	
99	90	2	4	
99	100	3	1	
99	107	4	2	
99	108	5	3	
99	180	6	5	
100	19	1	6	
100	91	2	4	
100	99	3	2	
100	101	4	1	
100	109	5	3	
100	181	6	5	
101	20	1	6	
101	92	2	4	
101	100	3	2	
101	102	4	1	
101	110	5	3	
101	182	6	5	
102	21	1	6	
102	93	2	4	
102	101	3	2	
102	103	4	1	
102	111	5	3	
102	183	6	5	
103	22	1	6	
103	94	2	4	
103	102	3	2	
103	104	4	1	
103	112	5	3	
103	184	6	5	
104	23	1	6	
104	95	2	4	
104	103	3	2	
104	105	4	1	
104	113	5	3	
104	185	6	5	
105	24	1	6	
105	96	2	4	
105	104	3	2	
105	106	4	1	
105	114	5	3	
105	186	6	5	
106	25	1	6	
106	97	2	4	
106	105	3	2	
106	107	4	1	
106	115	5	3	
106	187	6	5	
107	26	1	6	
107	98	2	4	
107	99	3	1	
107	106	4	2	
107	116	5	3	
107	188	6	5	
108	27	1	6	
108	99	2	4	
108	109	3	1	
108	116	4	2	
108	117	5	3	
108	189	6	5	
109	28	1	6	
109	100	2	4	
109	108	3	2	
109	110	4	1	
109	118	5	3	
109	190	6	5	
110	29	1	6	
110	101	2	4	
110	109	3	2	
110	111	4	1	
110	119	5	3	
110	191	6	5	
111	30	1	6	
111	102	2	4	
111	110	3	2	
111	112	4	1	
111	120	5	3	
111	192	6	5	
112	31	1	6	
112	103	2	4	
112	111	3	2	
112	113	4	1	
112	121	5	3	
112	193	6	5	
113	32	1	6	
113	104	2	4	
113	112	3	2	
113	114	4	1	
113	122	5	3	
113	194	6	5	
114	33	1	6	
114	105	2	4	
114	113	3	2	
114	115	4	1	
114	123	5	3	
114	195	6	5	
115	34	1	6	
115	106	2	4	
115	114	3	2	
115	116	4	1	
115	124	5	3	
115	196	6	5	
116	35	1	6	
116	107	2	4	
116	108	3	1	
116	115	4	2	
116	125	5	3	
116	197	6	5	
117	36	1	6	
117	108	2	4	
117	118	3	1	
117	125	4	2	
117	126	5	3	
117	198	6	5	
118	37	1	6	
118	109	2	4	
118	117	3	2	
118	119	4	1	
118	127	5	3	
118	199	6	5	
119	38	1	6	
119	110	2	4	
119	118	3	2	
119	120	4	1	
119	128	5	3	
119	200	6	5	
120	39	1	6	
120	111	2	4	
120	119	3	2	
120	121	4	1	
120	129	5	3	
120	201	6	5	
121	40	1	6	
121	112	2	4	
121	120	3	2	
121	122	4	1	
121	130	5	3	
121	202	6	5	
122	41	1	6	
122	113	2	4	
122	121	3	2	
122	123	4	1	
122	131	5	3	
122	203	6	5	
123	42	1	6	
123	114	2	4	
123	122	3	2	
123	124	4	1	
123	132	5	3	
123	204	6	5	
124	43	1	6	
124	115	2	4	
124	123	3	2	
124	125	4	1	
124	133	5	3	
124	205	6	5	
125	44	1	6	
125	116	2	4	
125	117	3	1	
125	124	4	2	
125	134	5	3	
125	206	6	5	
126	45	1	6	
126	117	2	4	
126	127	3	1	
126	134	4	2	
126	135	5	3	
126	207	6	5	
127	46	1	6	
127	118	2	4	
127	126	3	2	
127	128	4	1	
127	136	5	3	
127	208	6	5	
128	47	1	6	
128	119	2	4	
128	127	3	2	
128	129	4	1	
128	137	5	3	
128	209	6	5	
129	48	1	6	
129	120	2	4	
129	128	3	2	
129	130	4	1	
129	138	5	3	
129	210	6	5	
130	49	1	6	
130	121	2	4	
130	129	3	2	
130	131	4	1	
130	139	5	3	
130	211	6	5	
131	50	1	6	
131	122	2	4	
131	130	3	2	
131	132	4	1	
131	140	5	3	
131	212	6	5	
132	51	1	6	
132	123	2	4	
132	131	3	2	
132	133	4	1	
132	141	5	3	
132	213	6	5	
133	52	1	6	
133	124	2	4	
133	132	3	2	
133	134	4	1	
133	142	5	3	
133	214	6	5	
134	53	1	6	
134	125	2	4	
134	126	3	1	
134	133	4	2	
134	143	5	3	
134	215	6	5	
135	54	1	6	
135	126	2	4	
135	136	3	1	
135	143	4	2	
135	144	5	3	
135	216	6	5	
136	55	1	6	
136	127	2	4	
136	135	3	2	
136	137	4	1	
136	145	5	3	
136	217	6	5	
137	56	1	6	
137	128	2	4	
137	136	3	2	
137	138	4	1	
137	146	5	3	
137	218	6	5	
138	57	1	6	
138	129	2	4	
138	137	3	2	
138	139	4	1	
138	147	5	3	
138	219	6	5	
139	58	1	6	
139	130	2	4	
139	138	3	2	
139	140	4	1	
139	148	5	3	
139	220	6	5	
140	59	1	6	
140	131	2	4	
140	139	3	2	
140	141	4	1	
140	149	5	3	
140	221	6	5	
141	60	1	6	
141	132	2	4	
141	140	3	2	
141	142	4	1	
141	150	5	3	
141	222	6	5	
142	61	1	6	
142	133	2	4	
142	141	3	2	
142	143	4	1	
142	151	5	3	
142	223	6	5	
143	62	1	6	
143	134	2	4	
143	135	3	1	
143	142	4	2	
143	152	5	3	
143	224	6	5	
144	63	1	6	
144	135	2	4	
144	145	3	1	
144	152	4	2	
144	153	5	3	
144	225	6	5	
145	64	1	6	
145	136	2	4	
145	144	3	2	
145	146	4	1	
145	154	5	3	
145	226	6	5	
146	65	1	6	
146	137	2	4	
146	145	3	2	
146	147	4	1	
146	155	5	3	
146	227	6	5	
147	66	1	6	
147	138	2	4	
147	146	3	2	
147	148	4	1	
147	156	5	3	
147	228	6	5	
148	67	1	6	
148	139	2	4	
148	147	3	2	
148	149	4	1	
148	157	5	3	
148	229	6	5	
149	68	1	6	
149	140	2	4	
149	148	3	2	
149	150	4	1	
149	158	5	3	
149	230	6	5	
150	69	1	6	
150	141	2	4	
150	149	3	2	
150	151	4	1	
150	159	5	3	
150	231	6	5	
151	70	1	6	
151	142	2	4	
151	150	3	2	
151	152	4	1	
151	160	5	3	
151	232	6	5	
152	71	1	6	
152	143	2	4	
152	144	3	1	
152	151	4	2	
152	161	5	3	
152	233	6	5	
153	72	1	6	
153	81	2	3	
153	144	3	4	
153	154	4	1	
153	161	5	2	
153	234	6	5	
154	73	1	6	
154	82	2	3	
154	145	3	4	
154	153	4	2	
154	155	5	1	
154	235	6	5	
155	74	1	6	
155	83	2	3	
155	146	3	4	
155	154	4	2	
155	156	5	1	
155	236	6	5	
156	75	1	6	
156	84	2	3	
156	147	3	4	
156	155	4	2	
156	157	5	1	
156	237	6	5	
157	76	1	6	
157	85	2	3	
157	148	3	4	
157	156	4	2	
157	158	5	1	
157	238	6	5	
158	77	1	6	
158	86	2	3	
158	149	3	4	
158	157	4	2	
158	159	5	1	
158	239	6	5	
159	78	1	6	
159	87	2	3	
159	150	3	4	
159	158	4	2	
159	160	5	1	
159	240	6	5	
160	79	1	6	
160	88	2	3	
160	151	3	4	
160	159	4	2	
160	161	5	1	
160	241	6	5	
161	80	1	6	
161	89	2	3	
161	152	3	4	
161	153	4	1	
161	160	5	2	
161	242	6	5	
162	81	1	6	
162	163	2	1	
162	170	3	2	
162	171	4	3	
162	234	5	4	
162	243	6	5	
163	82	1	6	
163	162	2	2	
163	164	3	1	
163	172	4	3	
163	235	5	4	
163	244	6	5	
164	83	1	6	
164	163	2	2	
164	165	3	1	
164	173	4	3	
164	236	5	4	
164	245	6	5	
165	84	1	6	
165	164	2	2	
165	166	3	1	
165	174	4	3	
165	237	5	4	
165	246	6	5	
166	85	1	6	
166	165	2	2	
166	167	3	1	
166	175	4	3	
166	238	5	4	
166	247	6	5	
167	86	1	6	
167	166	2	2	
167	168	3	1	
167	176	4	3	
167	239	5	4	
167	248	6	5	
168	87	1	6	
168	167	2	2	
168	169	3	1	
168	177	4	3	
168	240	5	4	
168	249	6	5	
169	88	1	6	
169	168	2	2	
169	170	3	1	
169	178	4	3	
169	241	5	4	
169	250	6	5	
170	89	1	6	
170	162	2	1	
170	169	3	2	
170	179	4	3	
170	242	5	4	
170	251	6	5	
171	90	1	6	
171	162	2	4	
171	172	3	1	
171	179	4	2	
171	180	5	3	
171	252	6	5	
172	91	1	6	
172	163	2	4	
172	171	3	2	
172	173	4	1	
172	181	5	3	
172	253	6	5	
173	92	1	6	
173	164	2	4	
173	172	3	2	
173	174	4	1	
173	182	5	3	
173	254	6	5	
174	93	1	6	
174	165	2	4	
174	173	3	2	
174	175	4	1	
174	183	5	3	
174	255	6	5	
175	94	1	6	
175	166	2	4	
175	174	3	2	
175	176	4	1	
175	184	5	3	
175	256	6	5	
176	95	1	6	
176	167	2	4	
176	175	3	2	
176	177	4	1	
176	185	5	3	
176	257	6	5	
177	96	1	6	
177	168	2	4	
177	176	3	2	
177	178	4	1	
177	186	5	3	
177	258	6	5	
178	97	1	6	
178	169	2	4	
178	177	3	2	
178	179	4	1	
178	187	5	3	
178	259	6	5	
179	98	1	6	
179	170	2	4	
179	171	3	1	
179	178	4	2	
179	188	5	3	
179	260	6	5	
180	99	1	6	
180	171	2	4	
180	181	3	1	
180	188	4	2	
180	189	5	3	
180	261	6	5	
181	100	1	6	
181	172	2	4	
181	180	3	2	
181	182	4	1	
181	190	5	3	
181	262	6	5	
182	101	1	6	
182	173	2	4	
182	181	3	2	
182	183	4	1	
182	191	5	3	
182	263	6	5	
183	102	1	6	
183	174	2	4	
183	182	3	2	
183	184	4	1	
183	192	5	3	
183	264	6	5	
184	103	1	6	
184	175	2	4	
184	183	3	2	
184	185	4	1	
184	193	5	3	
184	265	6	5	
185	104	1	6	
185	176	2	4	
185	184	3	2	
185	186	4	1	
185	194	5	3	
185	266	6	5	
186	105	1	6	
186	177	2	4	
186	185	3	2	
186	187	4	1	
186	195	5	3	
186	267	6	5	
187	106	1	6	
187	178	2	4	
187	186	3	2	
187	188	4	1	
187	196	5	3	
187	268	6	5	
188	107	1	6	
188	179	2	4	
188	180	3	1	
188	187	4	2	
188	197	5	3	
188	269	6	5	
189	108	1	6	
189	180	2	4	
189	190	3	1	
189	197	4	2	
189	198	5	3	
189	270	6	5	
190	109	1	6	
190	181	2	4	
190	189	3	2	
190	191	4	1	
190	199	5	3	
190	271	6	5	
191	110	1	6	
191	182	2	4	
191	190	3	2	
191	192	4	1	
191	200	5	3	
191	272	6	5	
192	111	1	6	
192	183	2	4	
192	191	3	2	
192	193	4	1	
192	201	5	3	
192	273	6	5	
193	112	1	6	
193	184	2	4	
193	192	3	2	
193	194	4	1	
193	202	5	3	
193	274	6	5	
194	113	1	6	
194	185	2	4	
194	193	3	2	
194	195	4	1	
194	203	5	3	
194	275	6	5	
195	114	1	6	
195	186	2	4	
195	194	3	2	
195	196	4	1	
195	204	5	3	
195	276	6	5	
196	115	1	6	
196	187	2	4	
196	195	3	2	
196	197	4	1	
196	205	5	3	
196	277	6	5	
197	116	1	6	
197	188	2	4	
197	189	3	1	
197	196	4	2	
197	206	5	3	
197	278	6	5	
198	117	1	6	
198	189	2	4	
198	199	3	1	
198	206	4	2	
198	207	5	3	
198	279	6	5	
199	118	1	6	
199	190	2	4	
199	198	3	2	
199	200	4	1	
199	208	5	3	
199	280	6	5	
200	119	1	6	
200	191	2	4	
200	199	3	2	
200	201	4	1	
200	209	5	3	
200	281	6	5	
201	120	1	6	
201	192	2	4	
201	200	3	2	
201	202	4	1	
201	210	5	3	
201	282	6	5	
202	121	1	6	
202	193	2	4	
202	201	3	2	
202	203	4	1	
202	211	5	3	
202	283	6	5	
203	122	1	6	
203	194	2	4	
203	202	3	2	
203	204	4	1	
203	212	5	3	
203	284	6	5	
204	123	1	6	
204	195	2	4	
204	203	3	2	
204	205	4	1	
204	213	5	3	
204	285	6	5	
205	124	1	6	
205	196	2	4	
205	204	3	2	
205	206	4	1	
205	214	5	3	
205	286	6	5	
206	125	1	6	
206	197	2	4	
206	198	3	1	
206	205	4	2	
206	215	5	3	
206	287	6	5	
207	126	1	6	
207	198	2	4	
207	208	3	1	
207	215	4	2	
207	216	5	3	
207	288	6	5	
208	127	1	6	
208	199	2	4	
208	207	3	2	
208	209	4	1	
208	217	5	3	
208	289	6	5	
209	128	1	6	
209	200	2	4	
209	208	3	2	
209	210	4	1	
209	218	5	3	
209	290	6	5	
210	129	1	6	
210	201	2	4	
210	209	3	2	
210	211	4	1	
210	219	5	3	
210	291	6	5	
211	130	1	6	
211	202	2	4	
211	210	3	2	
211	212	4	1	
211	220	5	3	
211	292	6	5	
212	131	1	6	
212	203	2	4	
212	211	3	2	
212	213	4	1	
212	221	5	3	
212	293	6	5	
213	132	1	6	
213	204	2	4	
213	212	3	2	
213	214	4	1	
213	222	5	3	
213	294	6	5	
214	133	1	6	
214	205	2	4	
214	213	3	2	
214	215	4	1	
214	223	5	3	
214	295	6	5	
215	134	1	6	
215	206	2	4	
215	207	3	1	
215	214	4	2	
215	224	5	3	
215	296	6	5	
216	135	1	6	
216	207	2	4	
216	217	3	1	
216	224	4	2	
216	225	5	3	
216	297	6	5	
217	136	1	6	
217	208	2	4	
217	216	3	2	
217	218	4	1	
217	226	5	3	
217	298	6	5	
218	137	1	6	
218	209	2	4	
218	217	3	2	
218	219	4	1	
218	227	5	3	
218	299	6	5	
219	138	1	6	
219	210	2	4	
219	218	3	2	
219	220	4	1	
219	228	5	3	
219	300	6	5	
220	139	1	6	
220	211	2	4	
220	219	3	2	
220	221	4	1	
220	229	5	3	
220	301	6	5	
221	140	1	6	
221	212	2	4	
221	220	3	2	
221	222	4	1	
221	230	5	3	
221	302	6	5	
222	141	1	6	
222	213	2	4	
222	221	3	2	
222	223	4	1	
222	231	5	3	
222	303	6	5	
223	142	1	6	
223	214	2	4	
223	222	3	2	
223	224	4	1	
223	232	5	3	
223	304	6	5	
224	143	1	6	
224	215	2	4	
224	216	3	1	
224	223	4	2	
224	233	5	3	
224	305	6	5	
225	144	1	6	
225	216	2	4	
225	226	3	1	
225	233	4	2	
225	234	5	3	
225	306	6	5	
226	145	1	6	
226	217	2	4	
226	225	3	2	
226	227	4	1	
226	235	5	3	
226	307	6	5	
227	146	1	6	
227	218	2	4	
227	226	3	2	
227	228	4	1	
227	236	5	3	
227	308	6	5	
228	147	1	6	
228	219	2	4	
228	227	3	2	
228	229	4	1	
228	237	5	3	
228	309	6	5	
229	148	1	6	
229	220	2	4	
229	228	3	2	
229	230	4	1	
229	238	5	3	
229	310	6	5	
230	149	1	6	
230	221	2	4	
230	229	3	2	
230	231	4	1	
230	239	5	3	
230	311	6	5	
231	150	1	6	
231	222	2	4	
231	230	3	2	
231	232	4	1	
231	240	5	3	
231	312	6	5	
232	151	1	6	
232	223	2	4	
232	231	3	2	
232	233	4	1	
232	241	5	3	
232	313	6	5	
233	152	1	6	
233	224	2	4	
233	225	3	1	
233	232	4	2	
233	242	5	3	
233	314	6	5	
234	153	1	6	
234	162	2	3	
234	225	3	4	
234	235	4	1	
234	242	5	2	
234	315	6	5	
235	154	1	6	
235	163	2	3	
235	226	3	4	
235	234	4	2	
235	236	5	1	
235	316	6	5	
236	155	1	6	
236	164	2	3	
236	227	3	4	
236	235	4	2	
236	237	5	1	
236	317	6	5	
237	156	1	6	
237	165	2	3	
237	228	3	4	
237	236	4	2	
237	238	5	1	
237	318	6	5	
238	157	1	6	
238	166	2	3	
238	229	3	4	
238	237	4	2	
238	239	5	1	
238	319	6	5	
239	158	1	6	
239	167	2	3	
239	230	3	4	
239	238	4	2	
239	240	5	1	
239	320	6	5	
240	159	1	6	
240	168	2	3	
240	231	3	4	
240	239	4	2	
240	241	5	1	
240	321	6	5	
241	160	1	6	
241	169	2	3	
241	232	3	4	
241	240	4	2	
241	242	5	1	
241	322	6	5	
242	161	1	6	
242	170	2	3	
242	233	3	4	
242	234	4	1	
242	241	5	2	
242	323	6	5	
243	162	1	6	
243	244	2	1	
243	251	3	2	
243	252	4	3	
243	315	5	4	
243	324	6	5	
244	163	1	6	
244	243	2	2	
244	245	3	1	
244	253	4	3	
244	316	5	4	
244	325	6	5	
245	164	1	6	
245	244	2	2	
245	246	3	1	
245	254	4	3	
245	317	5	4	
245	326	6	5	
246	165	1	6	
246	245	2	2	
246	247	3	1	
246	255	4	3	
246	318	5	4	
246	327	6	5	
247	166	1	6	
247	246	2	2	
247	248	3	1	
247	256	4	3	
247	319	5	4	
247	328	6	5	
248	167	1	6	
248	247	2	2	
248	249	3	1	
248	257	4	3	
248	320	5	4	
248	329	6	5	
249	168	1	6	
249	248	2	2	
249	250	3	1	
249	258	4	3	
249	321	5	4	
249	330	6	5	
250	169	1	6	
250	249	2	2	
250	251	3	1	
250	259	4	3	
250	322	5	4	
250	331	6	5	
251	170	1	6	
251	243	2	1	
251	250	3	2	
251	260	4	3	
251	323	5	4	
251	332	6	5	
252	171	1	6	
252	243	2	4	
252	253	3	1	
252	260	4	2	
252	261	5	3	
252	333	6	5	
253	172	1	6	
253	244	2	4	
253	252	3	2	
253	254	4	1	
253	262	5	3	
253	334	6	5	
254	173	1	6	
254	245	2	4	
254	253	3	2	
254	255	4	1	
254	263	5	3	
254	335	6	5	
255	174	1	6	
255	246	2	4	
255	254	3	2	
255	256	4	1	
255	264	5	3	
255	336	6	5	
256	175	1	6	
256	247	2	4	
256	255	3	2	
256	257	4	1	
256	265	5	3	
256	337	6	5	
257	176	1	6	
257	248	2	4	
257	256	3	2	
257	258	4	1	
257	266	5	3	
257	338	6	5	
258	177	1	6	
258	249	2	4	
258	257	3	2	
258	259	4	1	
258	267	5	3	
258	339	6	5	
259	178	1	6	
259	250	2	4	
259	258	3	2	
259	260	4	1	
259	268	5	3	
259	340	6	5	
260	179	1	6	
260	251	2	4	
260	252	3	1	
260	259	4	2	
260	269	5	3	
260	341	6	5	
261	180	1	6	
261	252	2	4	
261	262	3	1	
261	269	4	2	
261	270	5	3	
261	342	6	5	
262	181	1	6	
262	253	2	4	
262	261	3	2	
262	263	4	1	
262	271	5	3	
262	343	6	5	
263	182	1	6	
263	254	2	4	
263	262	3	2	
263	264	4	1	
263	272	5	3	
263	344	6	5	
264	183	1	6	
264	255	2	4	
264	263	3	2	
264	265	4	1	
264	273	5	3	
264	345	6	5	
265	184	1	6	
265	256	2	4	
265	264	3	2	
265	266	4	1	
265	274	5	3	
265	346	6	5	
266	185	1	6	
266	257	2	4	
266	265	3	2	
266	267	4	1	
266	275	5	3	
266	347	6	5	
267	186	1	6	
267	258	2	4	
267	266	3	2	
267	268	4	1	
267	276	5	3	
267	348	6	5	
268	187	1	6	
268	259	2	4	
268	267	3	2	
268	269	4	1	
268	277	5	3	
268	349	6	5	
269	188	1	6	
269	260	2	4	
269	261	3	1	
269	268	4	2	
269	278	5	3	
269	350	6	5	
270	189	1	6	
270	261	2	4	
270	271	3	1	
270	278	4	2	
270	279	5	3	
270	351	6	5	
271	190	1	6	
271	262	2	4	
271	270	3	2	
271	272	4	1	
271	280	5	3	
271	352	6	5	
272	191	1	6	
272	263	2	4	
272	271	3	2	
272	273	4	1	
272	281	5	3	
272	353	6	5	
273	192	1	6	
273	264	2	4	
273	272	3	2	
273	274	4	1	
273	282	5	3	
273	354	6	5	
274	193	1	6	
274	265	2	4	
274	273	3	2	
274	275	4	1	
274	283	5	3	
274	355	6	5	
275	194	1	6	
275	266	2	4	
275	274	3	2	
275	276	4	1	
275	284	5	3	
275	356	6	5	
276	195	1	6	
276	267	2	4	
276	275	3	2	
276	277	4	1	
276	285	5	3	
276	357	6	5	
277	196	1	6	
277	268	2	4	
277	276	3	2	
277	278	4	1	
277	286	5	3	
277	358	6	5	
278	197	1	6	
278	269	2	4	
278	270	3	1	
278	277	4	2	
278	287	5	3	
278	359	6	5	
279	198	1	6	
279	270	2	4	
279	280	3	1	
279	287	4	2	
279	288	5	3	
279	360	6	5	
280	199	1	6	
280	271	2	4	
280	279	3	2	
280	281	4	1	
280	289	5	3	
280	361	6	5	
281	200	1	6	
281	272	2	4	
281	280	3	2	
281	282	4	1	
281	290	5	3	
281	362	6	5	
282	201	1	6	
282	273	2	4	
282	281	3	2	
282	283	4	1	
282	291	5	3	
282	363	6	5	
283	202	1	6	
283	274	2	4	
283	282	3	2	
283	284	4	1	
283	292	5	3	
283	364	6	5	
284	203	1	6	
284	275	2	4	
284	283	3	2	
284	285	4	1	
284	293	5	3	
284	365	6	5	
285	204	1	6	
285	276	2	4	
285	284	3	2	
285	286	4	1	
285	294	5	3	
285	366	6	5	
286	205	1	6	
286	277	2	4	
286	285	3	2	
286	287	4	1	
286	295	5	3	
286	367	6	5	
287	206	1	6	
287	278	2	4	
287	279	3	1	
287	286	4	2	
287	296	5	3	
287	368	6	5	
288	207	1	6	
288	279	2	4	
288	289	3	1	
288	296	4	2	
288	297	5	3	
288	369	6	5	
289	208	1	6	
289	280	2	4	
289	288	3	2	
289	290	4	1	
289	298	5	3	
289	370	6	5	
290	209	1	6	
290	281	2	4	
290	289	3	2	
290	291	4	1	
290	299	5	3	
290	371	6	5	
291	210	1	6	
291	282	2	4	
291	290	3	2	
291	292	4	1	
291	300	5	3	
291	372	6	5	
292	211	1	6	
292	283	2	4	
292	291	3	2	
292	293	4	1	
292	301	5	3	
292	373	6	5	
293	212	1	6	
293	284	2	4	
293	292	3	2	
293	294	4	1	
293	302	5	3	
293	374	6	5	
294	213	1	6	
294	285	2	4	
294	293	3	2	
294	295	4	1	
294	303	5	3	
294	375	6	5	
295	214	1	6	
295	286	2	4	
295	294	3	2	
295	296	4	1	
295	304	5	3	
295	376	6	5	
296	215	1	6	
296	287	2	4	
296	288	3	1	
296	295	4	2	
296	305	5	3	
296	377	6	5	
297	216	1	6	
297	288	2	4	
297	298	3	1	
297	305	4	2	
297	306	5	3	
297	378	6	5	
298	217	1	6	
298	289	2	4	
298	297	3	2	
298	299	4	1	
298	307	5	3	
298	379	6	5	
299	218	1	6	
299	290	2	4	
299	298	3	2	
299	300	4	1	
299	308	5	3	
299	380	6	5	
300	219	1	6	
300	291	2	4	
300	299	3	2	
300	301	4	1	
300	309	5	3	
300	381	6	5	
301	220	1	6	
301	292	2	4	
301	300	3	2	
301	302	4	1	
301	310	5	3	
301	382	6	5	
302	221	1	6	
302	293	2	4	
302	301	3	2	
302	303	4	1	
302	311	5	3	
302	383	6	5	
303	222	1	6	
303	294	2	4	
303	302	3	2	
303	304	4	1	
303	312	5	3	
303	384	6	5	
304	223	1	6	
304	295	2	4	
304	303	3	2	
304	305	4	1	
304	313	5	3	
304	385	6	5	
305	224	1	6	
305	296	2	4	
305	297	3	1	
305	304	4	2	
305	314	5	3	
305	386	6	5	
306	225	1	6	
306	297	2	4	
306	307	3	1	
306	314	4	2	
306	315	5	3	
306	387	6	5	
307	226	1	6	
307	298	2	4	
307	306	3	2	
307	308	4	1	
307	316	5	3	
307	388	6	5	
308	227	1	6	
308	299	2	4	
308	307	3	2	
308	309	4	1	
308	317	5	3	
308	389	6	5	
309	228	1	6	
309	300	2	4	
309	308	3	2	
309	310	4	1	
309	318	5	3	
309	390	6	5	
310	229	1	6	
310	301	2	4	
310	309	3	2	
310	311	4	1	
310	319	5	3	
310	391	6	5	
311	230	1	6	
311	302	2	4	
311	310	3	2	
311	312	4	1	
311	320	5	3	
311	392	6	5	
312	231	1	6	
312	303	2	4	
312	311	3	2	
312	313	4	1	
312	321	5	3	
312	393	6	5	
313	232	1	6	
313	304	2	4	
313	312	3	2	
313	314	4	1	
313	322	5	3	
313	394	6	5	
314	233	1	6	
314	305	2	4	
314	306	3	1	
314	313	4	2	
314	323	5	3	
314	395	6	5	
315	234	1	6	
315	243	2	3	
315	306	3	4	
315	316	4	1	
315	323	5	2	
315	396	6	5	
316	235	1	6	
316	244	2	3	
316	307	3	4	
316	315	4	2	
316	317	5	1	
316	397	6	5	
317	236	1	6	
317	245	2	3	
317	308	3	4	
317	316	4	2	
317	318	5	1	
317	398	6	5	
318	237	1	6	
318	246	2	3	
318	309	3	4	
318	317	4	2	
318	319	5	1	
318	399	6	5	
319	238	1	6	
319	247	2	3	
319	310	3	4	
319	318	4	2	
319	320	5	1	
319	400	6	5	
320	239	1	6	
320	248	2	3	
320	311	3	4	
320	319	4	2	
320	321	5	1	
320	401	6	5	
321	240	1	6	
321	249	2	3	
321	312	3	4	
321	320	4	2	
321	322	5	1	
321	402	6	5	
322	241	1	6	
322	250	2	3	
322	313	3	4	
322	321	4	2	
322	323	5	1	
322	403	6	5	
323	242	1	6	
323	251	2	3	
323	314	3	4	
323	315	4	1	
323	322	5	2	
323	404	6	5	
324	243	1	6	
324	325	2	1	
324	332	3	2	
324	333	4	3	
324	396	5	4	
324	405	6	5	
325	244	1	6	
325	324	2	2	
325	326	3	1	
325	334	4	3	
325	397	5	4	
325	406	6	5	
326	245	1	6	
326	325	2	2	
326	327	3	1	
326	335	4	3	
326	398	5	4	
326	407	6	5	
327	246	1	6	
327	326	2	2	
327	328	3	1	
327	336	4	3	
327	399	5	4	
327	408	6	5	
328	247	1	6	
328	327	2	2	
328	329	3	1	
328	337	4	3	
328	400	5	4	
328	409	6	5	
329	248	1	6	
329	328	2	2	
329	330	3	1	
329	338	4	3	
329	401	5	4	
329	410	6	5	
330	249	1	6	
330	329	2	2	
330	331	3	1	
330	339	4	3	
330	402	5	4	
330	411	6	5	
331	250	1	6	
331	330	2	2	
331	332	3	1	
331	340	4	3	
331	403	5	4	
331	412	6	5	
332	251	1	6	
332	324	2	1	
332	331	3	2	
332	341	4	3	
332	404	5	4	
332	413	6	5	
333	252	1	6	
333	324	2	4	
333	334	3	1	
333	341	4	2	
333	342	5	3	
333	414	6	5	
334	253	1	6	
334	325	2	4	
334	333	3	2	
334	335	4	1	
334	343	5	3	
334	415	6	5	
335	254	1	6	
335	326	2	4	
335	334	3	2	
335	336	4	1	
335	344	5	3	
335	416	6	5	
336	255	1	6	
336	327	2	4	
336	335	3	2	
336	337	4	1	
336	345	5	3	
336	417	6	5	
337	256	1	6	
337	328	2	4	
337	336	3	2	
337	338	4	1	
337	346	5	3	
337	418	6	5	
338	257	1	6	
338	329	2	4	
338	337	3	2	
338	339	4	1	
338	347	5	3	
338	419	6	5	
339	258	1	6	
339	330	2	4	
339	338	3	2	
339	340	4	1	
339	348	5	3	
339	420	6	5	
340	259	1	6	
340	331	2	4	
340	339	3	2	
340	341	4	1	
340	349	5	3	
340	421	6	5	
341	260	1	6	
341	332	2	4	
341	333	3	1	
341	340	4	2	
341	350	5	3	
341	422	6	5	
342	261	1	6	
342	333	2	4	
342	343	3	1	
342	350	4	2	
342	351	5	3	
342	423	6	5	
343	262	1	6	
343	334	2	4	
343	342	3	2	
343	344	4	1	
343	352	5	3	
343	424	6	5	
344	263	1	6	
344	335	2	4	
344	343	3	2	
344	345	4	1	
344	353	5	3	
344	425	6	5	
345	264	1	6	
345	336	2	4	
345	344	3	2	
345	346	4	1	
345	354	5	3	
345	426	6	5	
346	265	1	6	
346	337	2	4	
346	345	3	2	
346	347	4	1	
346	355	5	3	
346	427	6	5	
347	266	1	6	
347	338	2	4	
347	346	3	2	
347	348	4	1	
347	356	5	3	
347	428	6	5	
348	267	1	6	
348	339	2	4	
348	347	3	2	
348	349	4	1	
348	357	5	3	
348	429	6	5	
349	268	1	6	
349	340	2	4	
349	348	3	2	
349	350	4	1	
349	358	5	3	
349	430	6	5	
350	269	1	6	
350	341	2	4	
350	342	3	1	
350	349	4	2	
350	359	5	3	
350	431	6	5	
351	270	1	6	
351	342	2	4	
351	352	3	1	
351	359	4	2	
351	360	5	3	
351	432	6	5	
352	271	1	6	
352	343	2	4	
352	351	3	2	
352	353	4	1	
352	361	5	3	
352	433	6	5	
353	272	1	6	
353	344	2	4	
353	352	3	2	
353	354	4	1	
353	362	5	3	
353	434	6	5	
354	273	1	6	
354	345	2	4	
354	353	3	2	
354	355	4	1	
354	363	5	3	
354	435	6	5	
355	274	1	6	
355	346	2	4	
355	354	3	2	
355	356	4	1	
355	364	5	3	
355	436	6	5	
356	275	1	6	
356	347	2	4	
356	355	3	2	
356	357	4	1	
356	365	5	3	
356	437	6	5	
357	276	1	6	
357	348	2	4	
357	356	3	2	
357	358	4	1	
357	366	5	3	
357	438	6	5	
358	277	1	6	
358	349	2	4	
358	357	3	2	
358	359	4	1	
358	367	5	3	
358	439	6	5	
359	278	1	6	
359	350	2	4	
359	351	3	1	
359	358	4	2	
359	368	5	3	
359	440	6	5	
360	279	1	6	
360	351	2	4	
360	361	3	1	
360	368	4	2	
360	369	5	3	
360	441	6	5	
361	280	1	6	
361	352	2	4	
361	360	3	2	
361	362	4	1	
361	370	5	3	
361	442	6	5	
362	281	1	6	
362	353	2	4	
362	361	3	2	
362	363	4	1	
362	371	5	3	
362	443	6	5	
363	282	1	6	
363	354	2	4	
363	362	3	2	
363	364	4	1	
363	372	5	3	
363	444	6	5	
364	283	1	6	
364	355	2	4	
364	363	3	2	
364	365	4	1	
364	373	5	3	
364	445	6	5	
365	284	1	6	
365	356	2	4	
365	364	3	2	
365	366	4	1	
365	374	5	3	
365	446	6	5	
366	285	1	6	
366	357	2	4	
366	365	3	2	
366	367	4	1	
366	375	5	3	
366	447	6	5	
367	286	1	6	
367	358	2	4	
367	366	3	2	
367	368	4	1	
367	376	5	3	
367	448	6	5	
368	287	1	6	
368	359	2	4	
368	360	3	1	
368	367	4	2	
368	377	5	3	
368	449	6	5	
369	288	1	6	
369	360	2	4	
369	370	3	1	
369	377	4	2	
369	378	5	3	
369	450	6	5	
370	289	1	6	
370	361	2	4	
370	369	3	2	
370	371	4	1	
370	379	5	3	
370	451	6	5	
371	290	1	6	
371	362	2	4	
371	370	3	2	
371	372	4	1	
371	380	5	3	
371	452	6	5	
372	291	1	6	
372	363	2	4	
372	371	3	2	
372	373	4	1	
372	381	5	3	
372	453	6	5	
373	292	1	6	
373	364	2	4	
373	372	3	2	
373	374	4	1	
373	382	5	3	
373	454	6	5	
374	293	1	6	
374	365	2	4	
374	373	3	2	
374	375	4	1	
374	383	5	3	
374	455	6	5	
375	294	1	6	
375	366	2	4	
375	374	3	2	
375	376	4	1	
375	384	5	3	
375	456	6	5	
376	295	1	6	
376	367	2	4	
376	375	3	2	
376	377	4	1	
376	385	5	3	
376	457	6	5	
377	296	1	6	
377	368	2	4	
377	369	3	1	
377	376	4	2	
377	386	5	3	
377	458	6	5	
378	297	1	6	
378	369	2	4	
378	379	3	1	
378	386	4	2	
378	387	5	3	
378	459	6	5	
379	298	1	6	
379	370	2	4	
379	378	3	2	
379	380	4	1	
379	388	5	3	
379	460	6	5	
380	299	1	6	
380	371	2	4	
380	379	3	2	
380	381	4	1	
380	389	5	3	
380	461	6	5	
381	300	1	6	
381	372	2	4	
381	380	3	2	
381	382	4	1	
381	390	5	3	
381	462	6	5	
382	301	1	6	
382	373	2	4	
382	381	3	2	
382	383	4	1	
382	391	5	3	
382	463	6	5	
383	302	1	6	
383	374	2	4	
383	382	3	2	
383	384	4	1	
383	392	5	3	
383	464	6	5	
384	303	1	6	
384	375	2	4	
384	383	3	2	
384	385	4	1	
384	393	5	3	
384	465	6	5	
385	304	1	6	
385	376	2	4	
385	384	3	2	
385	386	4	1	
385	394	5	3	
385	466	6	5	
386	305	1	6	
386	377	2	4	
386	378	3	1	
386	385	4	2	
386	395	5	3	
386	467	6	5	
387	306	1	6	
387	378	2	4	
387	388	3	1	
387	395	4	2	
387	396	5	3	
387	468	6	5	
388	307	1	6	
388	379	2	4	
388	387	3	2	
388	389	4	1	
388	397	5	3	
388	469	6	5	
389	308	1	6	
389	380	2	4	
389	388	3	2	
389	390	4	1	
389	398	5	3	
389	470	6	5	
390	309	1	6	
390	381	2	4	
390	389	3	2	
390	391	4	1	
390	399	5	3	
390	471	6	5	
391	310	1	6	
391	382	2	4	
391	390	3	2	
391	392	4	1	
391	400	5	3	
391	472	6	5	
392	311	1	6	
392	383	2	4	
392	391	3	2	
392	393	4	1	
392	401	5	3	
392	473	6	5	
393	312	1	6	
393	384	2	4	
393	392	3	2	
393	394	4	1	
393	402	5	3	
393	474	6	5	
394	313	1	6	
394	385	2	4	
394	393	3	2	
394	395	4	1	
394	403	5	3	
394	475	6	5	
395	314	1	6	
395	386	2	4	
395	387	3	1	
395	394	4	2	
395	404	5	3	
395	476	6	5	
396	315	1	6	
396	324	2	3	
396	387	3	4	
396	397	4	1	
396	404	5	2	
396	477	6	5	
397	316	1	6	
397	325	2	3	
397	388	3	4	
397	396	4	2	
397	398	5	1	
397	478	6	5	
398	317	1	6	
398	326	2	3	
398	389	3	4	
398	397	4	2	
398	399	5	1	
398	479	6	5	
399	318	1	6	
399	327	2	3	
399	390	3	4	
399	398	4	2	
399	400	5	1	
399	480	6	5	
400	319	1	6	
400	328	2	3	
400	391	3	4	
400	399	4	2	
400	401	5	1	
400	481	6	5	
401	320	1	6	
401	329	2	3	
401	392	3	4	
401	400	4	2	
401	402	5	1	
401	482	6	5	
402	321	1	6	
402	330	2	3	
402	393	3	4	
402	401	4	2	
402	403	5	1	
402	483	6	5	
403	322	1	6	
403	331	2	3	
403	394	3	4	
403	402	4	2	
403	404	5	1	
403	484	6	5	
404	323	1	6	
404	332	2	3	
404	395	3	4	
404	396	4	1	
404	403	5	2	
404	485	6	5	
405	324	1	6	
405	406	2	1	
405	413	3	2	
405	414	4	3	
405	477	5	4	
405	486	6	5	
406	325	1	6	
406	405	2	2	
406	407	3	1	
406	415	4	3	
406	478	5	4	
406	487	6	5	
407	326	1	6	
407	406	2	2	
407	408	3	1	
407	416	4	3	
407	479	5	4	
407	488	6	5	
408	327	1	6	
408	407	2	2	
408	409	3	1	
408	417	4	3	
408	480	5	4	
408	489	6	5	
409	328	1	6	
409	408	2	2	
409	410	3	1	
409	418	4	3	
409	481	5	4	
409	490	6	5	
410	329	1	6	
410	409	2	2	
410	411	3	1	
410	419	4	3	
410	482	5	4	
410	491	6	5	
411	330	1	6	
411	410	2	2	
411	412	3	1	
411	420	4	3	
411	483	5	4	
411	492	6	5	
412	331	1	6	
412	411	2	2	
412	413	3	1	
412	421	4	3	
412	484	5	4	
412	493	6	5	
413	332	1	6	
413	405	2	1	
413	412	3	2	
413	422	4	3	
413	485	5	4	
413	494	6	5	
414	333	1	6	
414	405	2	4	
414	415	3	1	
414	422	4	2	
414	423	5	3	
414	495	6	5	
415	334	1	6	
415	406	2	4	
415	414	3	2	
415	416	4	1	
415	424	5	3	
415	496	6	5	
416	335	1	6	
416	407	2	4	
416	415	3	2	
416	417	4	1	
416	425	5	3	
416	497	6	5	
417	336	1	6	
417	408	2	4	
417	416	3	2	
417	418	4	1	
417	426	5	3	
417	498	6	5	
418	337	1	6	
418	409	2	4	
418	417	3	2	
418	419	4	1	
418	427	5	3	
418	499	6	5	
419	338	1	6	
419	410	2	4	
419	418	3	2	
419	420	4	1	
419	428	5	3	
419	500	6	5	
420	339	1	6	
420	411	2	4	
420	419	3	2	
420	421	4	1	
420	429	5	3	
420	501	6	5	
421	340	1	6	
421	412	2	4	
421	420	3	2	
421	422	4	1	
421	430	5	3	
421	502	6	5	
422	341	1	6	
422	413	2	4	
422	414	3	1	
422	421	4	2	
422	431	5	3	
422	503	6	5	
423	342	1	6	
423	414	2	4	
423	424	3	1	
423	431	4	2	
423	432	5	3	
423	504	6	5	
424	343	1	6	
424	415	2	4	
424	423	3	2	
424	425	4	1	
424	433	5	3	
424	505	6	5	
425	344	1	6	
425	416	2	4	
425	424	3	2	
425	426	4	1	
425	434	5	3	
425	506	6	5	
426	345	1	6	
426	417	2	4	
426	425	3	2	
426	427	4	1	
426	435	5	3	
426	507	6	5	
427	346	1	6	
427	418	2	4	
427	426	3	2	
427	428	4	1	
427	436	5	3	
427	508	6	5	
428	347	1	6	
428	419	2	4	
428	427	3	2	
428	429	4	1	
428	437	5	3	
428	509	6	5	
429	348	1	6	
429	420	2	4	
429	428	3	2	
429	430	4	1	
429	438	5	3	
429	510	6	5	
430	349	1	6	
430	421	2	4	
430	429	3	2	
430	431	4	1	
430	439	5	3	
430	511	6	5	
431	350	1	6	
431	422	2	4	
431	423	3	1	
431	430	4	2	
431	440	5	3	
431	512	6	5	
432	351	1	6	
432	423	2	4	
432	433	3	1	
432	440	4	2	
432	441	5	3	
432	513	6	5	
433	352	1	6	
433	424	2	4	
433	432	3	2	
433	434	4	1	
433	442	5	3	
433	514	6	5	
434	353	1	6	
434	425	2	4	
434	433	3	2	
434	435	4	1	
434	443	5	3	
434	515	6	5	
435	354	1	6	
435	426	2	4	
435	434	3	2	
435	436	4	1	
435	444	5	3	
435	516	6	5	
436	355	1	6	
436	427	2	4	
436	435	3	2	
436	437	4	1	
436	445	5	3	
436	517	6	5	
437	356	1	6	
437	428	2	4	
437	436	3	2	
437	438	4	1	
437	446	5	3	
437	518	6	5	
438	357	1	6	
438	429	2	4	
438	437	3	2	
438	439	4	1	
438	447	5	3	
438	519	6	5	
439	358	1	6	
439	430	2	4	
439	438	3	2	
439	440	4	1	
439	448	5	3	
439	520	6	5	
440	359	1	6	
440	431	2	4	
440	432	3	1	
440	439	4	2	
440	449	5	3	
440	521	6	5	
441	360	1	6	
441	432	2	4	
441	442	3	1	
441	449	4	2	
441	450	5	3	
441	522	6	5	
442	361	1	6	
442	433	2	4	
442	441	3	2	
442	443	4	1	
442	451	5	3	
442	523	6	5	
443	362	1	6	
443	434	2	4	
443	442	3	2	
443	444	4	1	
443	452	5	3	
443	524	6	5	
444	363	1	6	
444	435	2	4	
444	443	3	2	
444	445	4	1	
444	453	5	3	
444	525	6	5	
445	364	1	6	
445	436	2	4	
445	444	3	2	
445	446	4	1	
445	454	5	3	
445	526	6	5	
446	365	1	6	
446	437	2	4	
446	445	3	2	
446	447	4	1	
446	455	5	3	
446	527	6	5	
447	366	1	6	
447	438	2	4	
447	446	3	2	
447	448	4	1	
447	456	5	3	
447	528	6	5	
448	367	1	6	
448	439	2	4	
448	447	3	2	
448	449	4	1	
448	457	5	3	
448	529	6	5	
449	368	1	6	
449	440	2	4	
449	441	3	1	
449	448	4	2	
449	458	5	3	
449	530	6	5	
450	369	1	6	
450	441	2	4	
450	451	3	1	
450	458	4	2	
450	459	5	3	
450	531	6	5	
451	370	1	6	
451	442	2	4	
451	450	3	2	
451	452	4	1	
451	460	5	3	
451	532	6	5	
452	371	1	6	
452	443	2	4	
452	451	3	2	
452	453	4	1	
452	461	5	3	
452	533	6	5	
453	372	1	6	
453	444	2	4	
453	452	3	2	
453	454	4	1	
453	462	5	3	
453	534	6	5	
454	373	1	6	
454	445	2	4	
454	453	3	2	
454	455	4	1	
454	463	5	3	
454	535	6	5	
455	374	1	6	
455	446	2	4	
455	454	3	2	
455	456	4	1	
455	464	5	3	
455	536	6	5	
456	375	1	6	
456	447	2	4	
456	455	3	2	
456	457	4	1	
456	465	5	3	
456	537	6	5	
457	376	1	6	
457	448	2	4	
457	456	3	2	
457	458	4	1	
457	466	5	3	
457	538	6	5	
458	377	1	6	
458	449	2	4	
458	450	3	1	
458	457	4	2	
458	467	5	3	
458	539	6	5	
459	378	1	6	
459	450	2	4	
459	460	3	1	
459	467	4	2	
459	468	5	3	
459	540	6	5	
460	379	1	6	
460	451	2	4	
460	459	3	2	
460	461	4	1	
460	469	5	3	
460	541	6	5	
461	380	1	6	
461	452	2	4	
461	460	3	2	
461	462	4	1	
461	470	5	3	
461	542	6	5	
462	381	1	6	
462	453	2	4	
462	461	3	2	
462	463	4	1	
462	471	5	3	
462	543	6	5	
463	382	1	6	
463	454	2	4	
463	462	3	2	
463	464	4	1	
463	472	5	3	
463	544	6	5	
464	383	1	6	
464	455	2	4	
464	463	3	2	
464	465	4	1	
464	473	5	3	
464	545	6	5	
465	384	1	6	
465	456	2	4	
465	464	3	2	
465	466	4	1	
465	474	5	3	
465	546	6	5	
466	385	1	6	
466	457	2	4	
466	465	3	2	
466	467	4	1	
466	475	5	3	
466	547	6	5	
467	386	1	6	
467	458	2	4	
467	459	3	1	
467	466	4	2	
467	476	5	3	
467	548	6	5	
468	387	1	6	
468	459	2	4	
468	469	3	1	
468	476	4	2	
468	477	5	3	
468	549	6	5	
469	388	1	6	
469	460	2	4	
469	468	3	2	
469	470	4	1	
469	478	5	3	
469	550	6	5	
470	389	1	6	
470	461	2	4	
470	469	3	2	
470	471	4	1	
470	479	5	3	
470	551	6	5	
471	390	1	6	
471	462	2	4	
471	470	3	2	
471	472	4	1	
471	480	5	3	
471	552	6	5	
472	391	1	6	
472	463	2	4	
472	471	3	2	
472	473	4	1	
472	481	5	3	
472	553	6	5	
473	392	1	6	
473	464	2	4	
473	472	3	2	
473	474	4	1	
473	482	5	3	
473	554	6	5	
474	393	1	6	
474	465	2	4	
474	473	3	2	
474	475	4	1	
474	483	5	3	
474	555	6	5	
475	394	1	6	
475	466	2	4	
475	474	3	2	
475	476	4	1	
475	484	5	3	
475	556	6	5	
476	395	1	6	
476	467	2	4	
476	468	3	1	
476	475	4	2	
476	485	5	3	
476	557	6	5	
477	396	1	6	
477	405	2	3	
477	468	3	4	
477	478	4	1	
477	485	5	2	
477	558	6	5	
478	397	1	6	
478	406	2	3	
478	469	3	4	
478	477	4	2	
478	479	5	1	
478	559	6	5	
479	398	1	6	
479	407	2	3	
479	470	3	4	
479	478	4	2	
479	480	5	1	
479	560	6	5	
480	399	1	6	
480	408	2	3	
480	471	3	4	
480	479	4	2	
480	481	5	1	
480	561	6	5	
481	400	1	6	
481	409	2	3	
481	472	3	4	
481	480	4	2	
481	482	5	1	
481	562	6	5	
482	401	1	6	
482	410	2	3	
482	473	3	4	
482	481	4	2	
482	483	5	1	
482	563	6	5	
483	402	1	6	
483	411	2	3	
483	474	3	4	
483	482	4	2	
483	484	5	1	
483	564	6	5	
484	403	1	6	
484	412	2	3	
484	475	3	4	
484	483	4	2	
484	485	5	1	
484	565	6	5	
485	404	1	6	
485	413	2	3	
485	476	3	4	
485	477	4	1	
485	484	5	2	
485	566	6	5	
486	405	1	6	
486	487	2	1	
486	494	3	2	
486	495	4	3	
486	558	5	4	
486	567	6	5	
487	406	1	6	
487	486	2	2	
487	488	3	1	
487	496	4	3	
487	559	5	4	
487	568	6	5	
488	407	1	6	
488	487	2	2	
488	489	3	1	
488	497	4	3	
488	560	5	4	
488	569	6	5	
489	408	1	6	
489	488	2	2	
489	490	3	1	
489	498	4	3	
489	561	5	4	
489	570	6	5	
490	409	1	6	
490	489	2	2	
490	491	3	1	
490	499	4	3	
490	562	5	4	
490	571	6	5	
491	410	1	6	
491	490	2	2	
491	492	3	1	
491	500	4	3	
491	563	5	4	
491	572	6	5	
492	411	1	6	
492	491	2	2	
492	493	3	1	
492	501	4	3	
492	564	5	4	
492	573	6	5	
493	412	1	6	
493	492	2	2	
493	494	3	1	
493	502	4	3	
493	565	5	4	
493	574	6	5	
494	413	1	6	
494	486	2	1	
494	493	3	2	
494	503	4	3	
494	566	5	4	
494	575	6	5	
495	414	1	6	
495	486	2	4	
495	496	3	1	
495	503	4	2	
495	504	5	3	
495	576	6	5	
496	415	1	6	
496	487	2	4	
496	495	3	2	
496	497	4	1	
496	505	5	3	
496	577	6	5	
497	416	1	6	
497	488	2	4	
497	496	3	2	
497	498	4	1	
497	506	5	3	
497	578	6	5	
498	417	1	6	
498	489	2	4	
498	497	3	2	
498	499	4	1	
498	507	5	3	
498	579	6	5	
499	418	1	6	
499	490	2	4	
499	498	3	2	
499	500	4	1	
499	508	5	3	
499	580	6	5	
500	419	1	6	
500	491	2	4	
500	499	3	2	
500	501	4	1	
500	509	5	3	
500	581	6	5	
501	420	1	6	
501	492	2	4	
501	500	3	2	
501	502	4	1	
501	510	5	3	
501	582	6	5	
502	421	1	6	
502	493	2	4	
502	501	3	2	
502	503	4	1	
502	511	5	3	
502	583	6	5	
503	422	1	6	
503	494	2	4	
503	495	3	1	
503	502	4	2	
503	512	5	3	
503	584	6	5	
504	423	1	6	
504	495	2	4	
504	505	3	1	
504	512	4	2	
504	513	5	3	
504	585	6	5	
505	424	1	6	
505	496	2	4	
505	504	3	2	
505	506	4	1	
505	514	5	3	
505	586	6	5	
506	425	1	6	
506	497	2	4	
506	505	3	2	
506	507	4	1	
506	515	5	3	
506	587	6	5	
507	426	1	6	
507	498	2	4	
507	506	3	2	
507	508	4	1	
507	516	5	3	
507	588	6	5	
508	427	1	6	
508	499	2	4	
508	507	3	2	
508	509	4	1	
508	517	5	3	
508	589	6	5	
509	428	1	6	
509	500	2	4	
509	508	3	2	
509	510	4	1	
509	518	5	3	
509	590	6	5	
510	429	1	6	
510	501	2	4	
510	509	3	2	
510	511	4	1	
510	519	5	3	
510	591	6	5	
511	430	1	6	
511	502	2	4	
511	510	3	2	
511	512	4	1	
511	520	5	3	
511	592	6	5	
512	431	1	6	
512	503	2	4	
512	504	3	1	
512	511	4	2	
512	521	5	3	
512	593	6	5	
513	432	1	6	
513	504	2	4	
513	514	3	1	
513	521	4	2	
513	522	5	3	
513	594	6	5	
514	433	1	6	
514	505	2	4	
514	513	3	2	
514	515	4	1	
514	523	5	3	
514	595	6	5	
515	434	1	6	
515	506	2	4	
515	514	3	2	
515	516	4	1	
515	524	5	3	
515	596	6	5	
516	435	1	6	
516	507	2	4	
516	515	3	2	
516	517	4	1	
516	525	5	3	
516	597	6	5	
517	436	1	6	
517	508	2	4	
517	516	3	2	
517	518	4	1	
517	526	5	3	
517	598	6	5	
518	437	1	6	
518	509	2	4	
518	517	3	2	
518	519	4	1	
518	527	5	3	
518	599	6	5	
519	438	1	6	
519	510	2	4	
519	518	3	2	
519	520	4	1	
519	528	5	3	
519	600	6	5	
520	439	1	6	
520	511	2	4	
520	519	3	2	
520	521	4	1	
520	529	5	3	
520	601	6	5	
521	440	1	6	
521	512	2	4	
521	513	3	1	
521	520	4	2	
521	530	5	3	
521	602	6	5	
522	441	1	6	
522	513	2	4	
522	523	3	1	
522	530	4	2	
522	531	5	3	
522	603	6	5	
523	442	1	6	
523	514	2	4	
523	522	3	2	
523	524	4	1	
523	532	5	3	
523	604	6	5	
524	443	1	6	
524	515	2	4	
524	523	3	2	
524	525	4	1	
524	533	5	3	
524	605	6	5	
525	444	1	6	
525	516	2	4	
525	524	3	2	
525	526	4	1	
525	534	5	3	
525	606	6	5	
526	445	1	6	
526	517	2	4	
526	525	3	2	
526	527	4	1	
526	535	5	3	
526	607	6	5	
527	446	1	6	
527	518	2	4	
527	526	3	2	
527	528	4	1	
527	536	5	3	
527	608	6	5	
528	447	1	6	
528	519	2	4	
528	527	3	2	
528	529	4	1	
528	537	5	3	
528	609	6	5	
529	448	1	6	
529	520	2	4	
529	528	3	2	
529	530	4	1	
529	538	5	3	
529	610	6	5	
530	449	1	6	
530	521	2	4	
530	522	3	1	
530	529	4	2	
530	539	5	3	
530	611	6	5	
531	450	1	6	
531	522	2	4	
531	532	3	1	
531	539	4	2	
531	540	5	3	
531	612	6	5	
532	451	1	6	
532	523	2	4	
532	531	3	2	
532	533	4	1	
532	541	5	3	
532	613	6	5	
533	452	1	6	
533	524	2	4	
533	532	3	2	
533	534	4	1	
533	542	5	3	
533	614	6	5	
534	453	1	6	
534	525	2	4	
534	533	3	2	
534	535	4	1	
534	543	5	3	
534	615	6	5	
535	454	1	6	
535	526	2	4	
535	534	3	2	
535	536	4	1	
535	544	5	3	
535	616	6	5	
536	455	1	6	
536	527	2	4	
536	535	3	2	
536	537	4	1	
536	545	5	3	
536	617	6	5	
537	456	1	6	
537	528	2	4	
537	536	3	2	
537	538	4	1	
537	546	5	3	
537	618	6	5	
538	457	1	6	
538	529	2	4	
538	537	3	2	
538	539	4	1	
538	547	5	3	
538	619	6	5	
539	458	1	6	
539	530	2	4	
539	531	3	1	
539	538	4	2	
539	548	5	3	
539	620	6	5	
540	459	1	6	
540	531	2	4	
540	541	3	1	
540	548	4	2	
540	549	5	3	
540	621	6	5	
541	460	1	6	
541	532	2	4	
541	540	3	2	
541	542	4	1	
541	550	5	3	
541	622	6	5	
542	461	1	6	
542	533	2	4	
542	541	3	2	
542	543	4	1	
542	551	5	3	
542	623	6	5	
543	462	1	6	
543	534	2	4	
543	542	3	2	
543	544	4	1	
543	552	5	3	
543	624	6	5	
544	463	1	6	
544	535	2	4	
544	543	3	2	
544	545	4	1	
544	553	5	3	
544	625	6	5	
545	464	1	6	
545	536	2	4	
545	544	3	2	
545	546	4	1	
545	554	5	3	
545	626	6	5	
546	465	1	6	
546	537	2	4	
546	545	3	2	
546	547	4	1	
546	555	5	3	
546	627	6	5	
547	466	1	6	
547	538	2	4	
547	546	3	2	
547	548	4	1	
547	556	5	3	
547	628	6	5	
548	467	1	6	
548	539	2	4	
548	540	3	1	
548	547	4	2	
548	557	5	3	
548	629	6	5	
549	468	1	6	
549	540	2	4	
549	550	3	1	
549	557	4	2	
549	558	5	3	
549	630	6	5	
550	469	1	6	
550	541	2	4	
550	549	3	2	
550	551	4	1	
550	559	5	3	
550	631	6	5	
551	470	1	6	
551	542	2	4	
551	550	3	2	
551	552	4	1	
551	560	5	3	
551	632	6	5	
552	471	1	6	
552	543	2	4	
552	551	3	2	
552	553	4	1	
552	561	5	3	
552	633	6	5	
553	472	1	6	
553	544	2	4	
553	552	3	2	
553	554	4	1	
553	562	5	3	
553	634	6	5	
554	473	1	6	
554	545	2	4	
554	553	3	2	
554	555	4	1	
554	563	5	3	
554	635	6	5	
555	474	1	6	
555	546	2	4	
555	554	3	2	
555	556	4	1	
555	564	5	3	
555	636	6	5	
556	475	1	6	
556	547	2	4	
556	555	3	2	
556	557	4	1	
556	565	5	3	
556	637	6	5	
557	476	1	6	
557	548	2	4	
557	549	3	1	
557	556	4	2	
557	566	5	3	
557	638	6	5	
558	477	1	6	
558	486	2	3	
558	549	3	4	
558	559	4	1	
558	566	5	2	
558	639	6	5	
559	478	1	6	
559	487	2	3	
559	550	3	4	
559	558	4	2	
559	560	5	1	
559	640	6	5	
560	479	1	6	
560	488	2	3	
560	551	3	4	
560	559	4	2	
560	561	5	1	
560	641	6	5	
561	480	1	6	
561	489	2	3	
561	552	3	4	
561	560	4	2	
561	562	5	1	
561	642	6	5	
562	481	1	6	
562	490	2	3	
562	553	3	4	
562	561	4	2	
562	563	5	1	
562	643	6	5	
563	482	1	6	
563	491	2	3	
563	554	3	4	
563	562	4	2	
563	564	5	1	
563	644	6	5	
564	483	1	6	
564	492	2	3	
564	555	3	4	
564	563	4	2	
564	565	5	1	
564	645	6	5	
565	484	1	6	
565	493	2	3	
565	556	3	4	
565	564	4	2	
565	566	5	1	
565	646	6	5	
566	485	1	6	
566	494	2	3	
566	557	3	4	
566	558	4	1	
566	565	5	2	
566	647	6	5	
567	486	1	6	
567	568	2	1	
567	575	3	2	
567	576	4	3	
567	639	5	4	
567	648	6	5	
568	487	1	6	
568	567	2	2	
568	569	3	1	
568	577	4	3	
568	640	5	4	
568	649	6	5	
569	488	1	6	
569	568	2	2	
569	570	3	1	
569	578	4	3	
569	641	5	4	
569	650	6	5	
570	489	1	6	
570	569	2	2	
570	571	3	1	
570	579	4	3	
570	642	5	4	
570	651	6	5	
571	490	1	6	
571	570	2	2	
571	572	3	1	
571	580	4	3	
571	643	5	4	
571	652	6	5	
572	491	1	6	
572	571	2	2	
572	573	3	1	
572	581	4	3	
572	644	5	4	
572	653	6	5	
573	492	1	6	
573	572	2	2	
573	574	3	1	
573	582	4	3	
573	645	5	4	
573	654	6	5	
574	493	1	6	
574	573	2	2	
574	575	3	1	
574	583	4	3	
574	646	5	4	
574	655	6	5	
575	494	1	6	
575	567	2	1	
575	574	3	2	
575	584	4	3	
575	647	5	4	
575	656	6	5	
576	495	1	6	
576	567	2	4	
576	577	3	1	
576	584	4	2	
576	585	5	3	
576	657	6	5	
577	496	1	6	
577	568	2	4	
577	576	3	2	
577	578	4	1	
577	586	5	3	
577	658	6	5	
578	497	1	6	
578	569	2	4	
578	577	3	2	
578	579	4	1	
578	587	5	3	
578	659	6	5	
579	498	1	6	
579	570	2	4	
579	578	3	2	
579	580	4	1	
579	588	5	3	
579	660	6	5	
580	499	1	6	
580	571	2	4	
580	579	3	2	
580	581	4	1	
580	589	5	3	
580	661	6	5	
581	500	1	6	
581	572	2	4	
581	580	3	2	
581	582	4	1	
581	590	5	3	
581	662	6	5	
582	501	1	6	
582	573	2	4	
582	581	3	2	
582	583	4	1	
582	591	5	3	
582	663	6	5	
583	502	1	6	
583	574	2	4	
583	582	3	2	
583	584	4	1	
583	592	5	3	
583	664	6	5	
584	503	1	6	
584	575	2	4	
584	576	3	1	
584	583	4	2	
584	593	5	3	
584	665	6	5	
585	504	1	6	
585	576	2	4	
585	586	3	1	
585	593	4	2	
585	594	5	3	
585	666	6	5	
586	505	1	6	
586	577	2	4	
586	585	3	2	
586	587	4	1	
586	595	5	3	
586	667	6	5	
587	506	1	6	
587	578	2	4	
587	586	3	2	
587	588	4	1	
587	596	5	3	
587	668	6	5	
588	507	1	6	
588	579	2	4	
588	587	3	2	
588	589	4	1	
588	597	5	3	
588	669	6	5	
589	508	1	6	
589	580	2	4	
589	588	3	2	
589	590	4	1	
589	598	5	3	
589	670	6	5	
590	509	1	6	
590	581	2	4	
590	589	3	2	
590	591	4	1	
590	599	5	3	
590	671	6	5	
591	510	1	6	
591	582	2	4	
591	590	3	2	
591	592	4	1	
591	600	5	3	
591	672	6	5	
592	511	1	6	
592	583	2	4	
592	591	3	2	
592	593	4	1	
592	601	5	3	
592	673	6	5	
593	512	1	6	
593	584	2	4	
593	585	3	1	
593	592	4	2	
593	602	5	3	
593	674	6	5	
594	513	1	6	
594	585	2	4	
594	595	3	1	
594	602	4	2	
594	603	5	3	
594	675	6	5	
595	514	1	6	
595	586	2	4	
595	594	3	2	
595	596	4	1	
595	604	5	3	
595	676	6	5	
596	515	1	6	
596	587	2	4	
596	595	3	2	
596	597	4	1	
596	605	5	3	
596	677	6	5	
597	516	1	6	
597	588	2	4	
597	596	3	2	
597	598	4	1	
597	606	5	3	
597	678	6	5	
598	517	1	6	
598	589	2	4	
598	597	3	2	
598	599	4	1	
598	607	5	3	
598	679	6	5	
599	518	1	6	
599	590	2	4	
599	598	3	2	
599	600	4	1	
599	608	5	3	
599	680	6	5	
600	519	1	6	
600	591	2	4	
600	599	3	2	
600	601	4	1	
600	609	5	3	
600	681	6	5	
601	520	1	6	
601	592	2	4	
601	600	3	2	
601	602	4	1	
601	610	5	3	
601	682	6	5	
602	521	1	6	
602	593	2	4	
602	594	3	1	
602	601	4	2	
602	611	5	3	
602	683	6	5	
603	522	1	6	
603	594	2	4	
603	604	3	1	
603	611	4	2	
603	612	5	3	
603	684	6	5	
604	523	1	6	
604	595	2	4	
604	603	3	2	
604	605	4	1	
604	613	5	3	
604	685	6	5	
605	524	1	6	
605	596	2	4	
605	604	3	2	
605	606	4	1	
605	614	5	3	
605	686	6	5	
606	525	1	6	
606	597	2	4	
606	605	3	2	
606	607	4	1	
606	615	5	3	
606	687	6	5	
607	526	1	6	
607	598	2	4	
607	606	3	2	
607	608	4	1	
607	616	5	3	
607	688	6	5	
608	527	1	6	
608	599	2	4	
608	607	3	2	
608	609	4	1	
608	617	5	3	
608	689	6	5	
609	528	1	6	
609	600	2	4	
609	608	3	2	
609	610	4	1	
609	618	5	3	
609	690	6	5	
610	529	1	6	
610	601	2	4	
610	609	3	2	
610	611	4	1	
610	619	5	3	
610	691	6	5	
611	530	1	6	
611	602	2	4	
611	603	3	1	
611	610	4	2	
611	620	5	3	
611	692	6	5	
612	531	1	6	
612	603	2	4	
612	613	3	1	
612	620	4	2	
612	621	5	3	
612	693	6	5	
613	532	1	6	
613	604	2	4	
613	612	3	2	
613	614	4	1	
613	622	5	3	
613	694	6	5	
614	533	1	6	
614	605	2	4	
614	613	3	2	
614	615	4	1	
614	623	5	3	
614	695	6	5	
615	534	1	6	
615	606	2	4	
615	614	3	2	
615	616	4	1	
615	624	5	3	
615	696	6	5	
616	535	1	6	
616	607	2	4	
616	615	3	2	
616	617	4	1	
616	625	5	3	
616	697	6	5	
617	536	1	6	
617	608	2	4	
617	616	3	2	
617	618	4	1	
617	626	5	3	
617	698	6	5	
618	537	1	6	
618	609	2	4	
618	617	3	2	
618	619	4	1	
618	627	5	3	
618	699	6	5	
619	538	1	6	
619	610	2	4	
619	618	3	2	
619	620	4	1	
619	628	5	3	
619	700	6	5	
620	539	1	6	
620	611	2	4	
620	612	3	1	
620	619	4	2	
620	629	5	3	
620	701	6	5	
621	540	1	6	
621	612	2	4	
621	622	3	1	
621	629	4	2	
621	630	5	3	
621	702	6	5	
622	541	1	6	
622	613	2	4	
622	621	3	2	
622	623	4	1	
622	631	5	3	
622	703	6	5	
623	542	1	6	
623	614	2	4	
623	622	3	2	
623	624	4	1	
623	632	5	3	
623	704	6	5	
624	543	1	6	
624	615	2	4	
624	623	3	2	
624	625	4	1	
624	633	5	3	
624	705	6	5	
625	544	1	6	
625	616	2	4	
625	624	3	2	
625	626	4	1	
625	634	5	3	
625	706	6	5	
626	545	1	6	
626	617	2	4	
626	625	3	2	
626	627	4	1	
626	635	5	3	
626	707	6	5	
627	546	1	6	
627	618	2	4	
627	626	3	2	
627	628	4	1	
627	636	5	3	
627	708	6	5	
628	547	1	6	
628	619	2	4	
628	627	3	2	
628	629	4	1	
628	637	5	3	
628	709	6	5	
629	548	1	6	
629	620	2	4	
629	621	3	1	
629	628	4	2	
629	638	5	3	
629	710	6	5	
630	549	1	6	
630	621	2	4	
630	631	3	1	
630	638	4	2	
630	639	5	3	
630	711	6	5	
631	550	1	6	
631	622	2	4	
631	630	3	2	
631	632	4	1	
631	640	5	3	
631	712	6	5	
632	551	1	6	
632	623	2	4	
632	631	3	2	
632	633	4	1	
632	641	5	3	
632	713	6	5	
633	552	1	6	
633	624	2	4	
633	632	3	2	
633	634	4	1	
633	642	5	3	
633	714	6	5	
634	553	1	6	
634	625	2	4	
634	633	3	2	
634	635	4	1	
634	643	5	3	
634	715	6	5	
635	554	1	6	
635	626	2	4	
635	634	3	2	
635	636	4	1	
635	644	5	3	
635	716	6	5	
636	555	1	6	
636	627	2	4	
636	635	3	2	
636	637	4	1	
636	645	5	3	
636	717	6	5	
637	556	1	6	
637	628	2	4	
637	636	3	2	
637	638	4	1	
637	646	5	3	
637	718	6	5	
638	557	1	6	
638	629	2	4	
638	630	3	1	
638	637	4	2	
638	647	5	3	
638	719	6	5	
639	558	1	6	
639	567	2	3	
639	630	3	4	
639	640	4	1	
639	647	5	2	
639	720	6	5	
640	559	1	6	
640	568	2	3	
640	631	3	4	
640	639	4	2	
640	641	5	1	
640	721	6	5	
641	560	1	6	
641	569	2	3	
641	632	3	4	
641	640	4	2	
641	642	5	1	
641	722	6	5	
642	561	1	6	
642	570	2	3	
642	633	3	4	
642	641	4	2	
642	643	5	1	
642	723	6	5	
643	562	1	6	
643	571	2	3	
643	634	3	4	
643	642	4	2	
643	644	5	1	
643	724	6	5	
644	563	1	6	
644	572	2	3	
644	635	3	4	
644	643	4	2	
644	645	5	1	
644	725	6	5	
645	564	1	6	
645	573	2	3	
645	636	3	4	
645	644	4	2	
645	646	5	1	
645	726	6	5	
646	565	1	6	
646	574	2	3	
646	637	3	4	
646	645	4	2	
646	647	5	1	
646	727	6	5	
647	566	1	6	
647	575	2	3	
647	638	3	4	
647	639	4	1	
647	646	5	2	
647	728	6	5	
648	0	1	5	
648	567	2	6	
648	649	3	1	
648	656	4	2	
648	657	5	3	
648	720	6	4	
649	1	1	5	
649	568	2	6	
649	648	3	2	
649	650	4	1	
649	658	5	3	
649	721	6	4	
650	2	1	5	
650	569	2	6	
650	649	3	2	
650	651	4	1	
650	659	5	3	
650	722	6	4	
651	3	1	5	
651	570	2	6	
651	650	3	2	
651	652	4	1	
651	660	5	3	
651	723	6	4	
652	4	1	5	
652	571	2	6	
652	651	3	2	
652	653	4	1	
652	661	5	3	
652	724	6	4	
653	5	1	5	
653	572	2	6	
653	652	3	2	
653	654	4	1	
653	662	5	3	
653	725	6	4	
654	6	1	5	
654	573	2	6	
654	653	3	2	
654	655	4	1	
654	663	5	3	
654	726	6	4	
655	7	1	5	
655	574	2	6	
655	654	3	2	
655	656	4	1	
655	664	5	3	
655	727	6	4	
656	8	1	5	
656	575	2	6	
656	648	3	1	
656	655	4	2	
656	665	5	3	
656	728	6	4	
657	9	1	5	
657	576	2	6	
657	648	3	4	
657	658	4	1	
657	665	5	2	
657	666	6	3	
658	10	1	5	
658	577	2	6	
658	649	3	4	
658	657	4	2	
658	659	5	1	
658	667	6	3	
659	11	1	5	
659	578	2	6	
659	650	3	4	
659	658	4	2	
659	660	5	1	
659	668	6	3	
660	12	1	5	
660	579	2	6	
660	651	3	4	
660	659	4	2	
660	661	5	1	
660	669	6	3	
661	13	1	5	
661	580	2	6	
661	652	3	4	
661	660	4	2	
661	662	5	1	
661	670	6	3	
662	14	1	5	
662	581	2	6	
662	653	3	4	
662	661	4	2	
662	663	5	1	
662	671	6	3	
663	15	1	5	
663	582	2	6	
663	654	3	4	
663	662	4	2	
663	664	5	1	
663	672	6	3	
664	16	1	5	
664	583	2	6	
664	655	3	4	
664	663	4	2	
664	665	5	1	
664	673	6	3	
665	17	1	5	
665	584	2	6	
665	656	3	4	
665	657	4	1	
665	664	5	2	
665	674	6	3	
666	18	1	5	
666	585	2	6	
666	657	3	4	
666	667	4	1	
666	674	5	2	
666	675	6	3	
667	19	1	5	
667	586	2	6	
667	658	3	4	
667	666	4	2	
667	668	5	1	
667	676	6	3	
668	20	1	5	
668	587	2	6	
668	659	3	4	
668	667	4	2	
668	669	5	1	
668	677	6	3	
669	21	1	5	
669	588	2	6	
669	660	3	4	
669	668	4	2	
669	670	5	1	
669	678	6	3	
670	22	1	5	
670	589	2	6	
670	661	3	4	
670	669	4	2	
670	671	5	1	
670	679	6	3	
671	23	1	5	
671	590	2	6	
671	662	3	4	
671	670	4	2	
671	672	5	1	
671	680	6	3	
672	24	1	5	
672	591	2	6	
672	663	3	4	
672	671	4	2	
672	673	5	1	
672	681	6	3	
673	25	1	5	
673	592	2	6	
673	664	3	4	
673	672	4	2	
673	674	5	1	
673	682	6	3	
674	26	1	5	
674	593	2	6	
674	665	3	4	
674	666	4	1	
674	673	5	2	
674	683	6	3	
675	27	1	5	
675	594	2	6	
675	666	3	4	
675	676	4	1	
675	683	5	2	
675	684	6	3	
676	28	1	5	
676	595	2	6	
676	667	3	4	
676	675	4	2	
676	677	5	1	
676	685	6	3	
677	29	1	5	
677	596	2	6	
677	668	3	4	
677	676	4	2	
677	678	5	1	
677	686	6	3	
678	30	1	5	
678	597	2	6	
678	669	3	4	
678	677	4	2	
678	679	5	1	
678	687	6	3	
679	31	1	5	
679	598	2	6	
679	670	3	4	
679	678	4	2	
679	680	5	1	
679	688	6	3	
680	32	1	5	
680	599	2	6	
680	671	3	4	
680	679	4	2	
680	681	5	1	
680	689	6	3	
681	33	1	5	
681	600	2	6	
681	672	3	4	
681	680	4	2	
681	682	5	1	
681	690	6	3	
682	34	1	5	
682	601	2	6	
682	673	3	4	
682	681	4	2	
682	683	5	1	
682	691	6	3	
683	35	1	5	
683	602	2	6	
683	674	3	4	
683	675	4	1	
683	682	5	2	
683	692	6	3	
684	36	1	5	
684	603	2	6	
684	675	3	4	
684	685	4	1	
684	692	5	2	
684	693	6	3	
685	37	1	5	
685	604	2	6	
685	676	3	4	
685	684	4	2	
685	686	5	1	
685	694	6	3	
686	38	1	5	
686	605	2	6	
686	677	3	4	
686	685	4	2	
686	687	5	1	
686	695	6	3	
687	39	1	5	
687	606	2	6	
687	678	3	4	
687	686	4	2	
687	688	5	1	
687	696	6	3	
688	40	1	5	
688	607	2	6	
688	679	3	4	
688	687	4	2	
688	689	5	1	
688	697	6	3	
689	41	1	5	
689	608	2	6	
689	680	3	4	
689	688	4	2	
689	690	5	1	
689	698	6	3	
690	42	1	5	
690	609	2	6	
690	681	3	4	
690	689	4	2	
690	691	5	1	
690	699	6	3	
691	43	1	5	
691	610	2	6	
691	682	3	4	
691	690	4	2	
691	692	5	1	
691	700	6	3	
692	44	1	5	
692	611	2	6	
692	683	3	4	
692	684	4	1	
692	691	5	2	
692	701	6	3	
693	45	1	5	
693	612	2	6	
693	684	3	4	
693	694	4	1	
693	701	5	2	
693	702	6	3	
694	46	1	5	
694	613	2	6	
694	685	3	4	
694	693	4	2	
694	695	5	1	
694	703	6	3	
695	47	1	5	
695	614	2	6	
695	686	3	4	
695	694	4	2	
695	696	5	1	
695	704	6	3	
696	48	1	5	
696	615	2	6	
696	687	3	4	
696	695	4	2	
696	697	5	1	
696	705	6	3	
697	49	1	5	
697	616	2	6	
697	688	3	4	
697	696	4	2	
697	698	5	1	
697	706	6	3	
698	50	1	5	
698	617	2	6	
698	689	3	4	
698	697	4	2	
698	699	5	1	
698	707	6	3	
699	51	1	5	
699	618	2	6	
699	690	3	4	
699	698	4	2	
699	700	5	1	
699	708	6	3	
700	52	1	5	
700	619	2	6	
700	691	3	4	
700	699	4	2	
700	701	5	1	
700	709	6	3	
701	53	1	5	
701	620	2	6	
701	692	3	4	
701	693	4	1	
701	700	5	2	
701	710	6	3	
702	54	1	5	
702	621	2	6	
702	693	3	4	
702	703	4	1	
702	710	5	2	
702	711	6	3	
703	55	1	5	
703	622	2	6	
703	694	3	4	
703	702	4	2	
703	704	5	1	
703	712	6	3	
704	56	1	5	
704	623	2	6	
704	695	3	4	
704	703	4	2	
704	705	5	1	
704	713	6	3	
705	57	1	5	
705	624	2	6	
705	696	3	4	
705	704	4	2	
705	706	5	1	
705	714	6	3	
706	58	1	5	
706	625	2	6	
706	697	3	4	
706	705	4	2	
706	707	5	1	
706	715	6	3	
707	59	1	5	
707	626	2	6	
707	698	3	4	
707	706	4	2	
707	708	5	1	
707	716	6	3	
708	60	1	5	
708	627	2	6	
708	699	3	4	
708	707	4	2	
708	709	5	1	
708	717	6	3	
709	61	1	5	
709	628	2	6	
709	700	3	4	
709	708	4	2	
709	710	5	1	
709	718	6	3	
710	62	1	5	
710	629	2	6	
710	701	3	4	
710	702	4	1	
710	709	5	2	
710	719	6	3	
711	63	1	5	
711	630	2	6	
711	702	3	4	
711	712	4	1	
711	719	5	2	
711	720	6	3	
712	64	1	5	
712	631	2	6	
712	703	3	4	
712	711	4	2	
712	713	5	1	
712	721	6	3	
713	65	1	5	
713	632	2	6	
713	704	3	4	
713	712	4	2	
713	714	5	1	
713	722	6	3	
714	66	1	5	
714	633	2	6	
714	705	3	4	
714	713	4	2	
714	715	5	1	
714	723	6	3	
715	67	1	5	
715	634	2	6	
715	706	3	4	
715	714	4	2	
715	716	5	1	
715	724	6	3	
716	68	1	5	
716	635	2	6	
716	707	3	4	
716	715	4	2	
716	717	5	1	
716	725	6	3	
717	69	1	5	
717	636	2	6	
717	708	3	4	
717	716	4	2	
717	718	5	1	
717	726	6	3	
718	70	1	5	
718	637	2	6	
718	709	3	4	
718	717	4	2	
718	719	5	1	
718	727	6	3	
719	71	1	5	
719	638	2	6	
719	710	3	4	
719	711	4	1	
719	718	5	2	
719	728	6	3	
720	72	1	5	
720	639	2	6	
720	648	3	3	
720	711	4	4	
720	721	5	1	
720	728	6	2	
721	73	1	5	
721	640	2	6	
721	649	3	3	
721	712	4	4	
721	720	5	2	
721	722	6	1	
722	74	1	5	
722	641	2	6	
722	650	3	3	
722	713	4	4	
722	721	5	2	
722	723	6	1	
723	75	1	5	
723	642	2	6	
723	651	3	3	
723	714	4	4	
723	722	5	2	
723	724	6	1	
724	76	1	5	
724	643	2	6	
724	652	3	3	
724	715	4	4	
724	723	5	2	
724	725	6	1	
725	77	1	5	
725	644	2	6	
725	653	3	3	
725	716	4	4	
725	724	5	2	
725	726	6	1	
726	78	1	5	
726	645	2	6	
726	654	3	3	
726	717	4	4	
726	725	5	2	
726	727	6	1	
727	79	1	5	
727	646	2	6	
727	655	3	3	
727	718	4	4	
727	726	5	2	
727	728	6	1	
728	80	1	5	
728	647	2	6	
728	656	3	3	
728	719	4	4	
728	720	5	1	
728	727	6	2	
